[150/500]
a_set=0.45
b_set=0.9841075615
c_set=6.0951466408E-5
d_set=-6.3678550265E-8
a_get=-0.45
b_get=1.0158902315
c_get=-6.0995324073E-5
d_get=6.3790348291E-8

[600/500]
a_set=0.15
b_set=1.0011695538
c_set=-1.1773223157E-5
d_set=1.6384722633E-8
a_get=-0.15
b_get=0.9988364602
c_get=1.17470929E-5
d_get=-1.6356847766E-8

[1800/400]
a_set=0.85
b_set=0.9997826959
c_set=0
d_set=0
a_get=-0.85
b_get=1.0002169731
c_get=0
d_get=0